855
116
304
204
167
452
293
712
532
954
365
896
274
125
532
804
105
216
297
531
556
286
47
207
19
153
80
489
325
638
341
694
70
995
974
77
630
123
507
107
977
441
632
414
171
242
17
579
829
436
309
295
885
134
755
181
675
196
358
896
354
896
904
100
248
534
180
57
477
827
728
912
520
368
236
372
503
99
523
168
678
60
110
169
249
443
407
522
665
239
942
86
350
660
503
25
796
308
509
604
671
412
596
3
993
210
192
165
864
957
772
65
666
236
344
479
859
277
85
800
160
690
411
906
295
516
618
683
810
896
206
367
872
211
204
80
230
164
390
507
890
645
267
332
222
110
362
167
547
897
958
469
579
186
129
921
72
219
889
812
417
394
615
179
672
688
125
382
17
33
559
511
638
257
780
730
398
35
154
919
478
191
552
225
145
536
539
379
629
805
131
352
482
738
870
336
726
689
696
402
514
799
245
761
702
984
79
449
563
593
242
717
412
510
792
707
697
691
751
418
417
641
717
40
726
362
568
393
482
424
703
223
906
538
498
133
431
704
95
356
496
696
560
715
239
358
51
642
622
173
303
844
54
418
932
152
525
38
744
674
133
810
757
462
858
511
872
63
711
425
925
205
616
268
312
422
666
783
138
363
282
871
964
956
942
12
728
985
41
740
285
449
614
19
496
845
400
124
182
900
668
47
154
389
880
328
452
111
764
69
797
762
10
883
78
285
629
380
976
512
420
661
416
808
2
166
815
849
738
145
341
374
987
487
657
986
307
847
105
537
140
865
599
567
522
400
428
450
100
829
381
109
17
217
725
165
137
737
868
361
958
527
369
703
516
612
300
235
123
443
590
832
933
490
946
627
238
105
387
76
962
19
136
639
554
430
177
780
215
399
471
430
247
909
178
337
662
879
200
197
337
639
729
354
641
893
100
989
776
901
50
391
239
219
433
254
319
943
234
275
453
0
68
726
8
846
208
571
288
2
529
446
949
323
988
994
424
139
703
374
901
144
820
777
761
39
225
215
141
696
134
311
557
345
713
918
420
776
687
883
424
348
501
556
508
662
551
574
356
12
682
185
347
743
797
234
189
219
97
856
167
557
802
668
383
743
60
187
81
700
859
161
403
795
19
1
610
734
593
379
967
658
606
555
94
169
317
633
732
346
977
370
387
993
51
693
165
162
497
160
99
96
571
301
292
356
647
37
808
970
12
716
879
236
556
292
307
911
441
299
398
254
579
421
564
361
423
185
271
780
986
947
204
659
543
50
142
760
861
887
157
406
757
364
998
149
556
306
571
757
145
0
708
479
165
76
315
952
386
964
953
389
633
318
44
993
955
327
658
951
126
313
594
387
54
318
806
942
765
444
258
71
410
444
272
811
88
8
150
704
477
453
522
308
300
891
634
647
266
16
147
680
42
781
808
841
881
924
133
159
169
716
441
924
629
97
443
335
841
362
99
601
650
687
176
542
55
830
97
91
559
8
519
111
627
377
673
98
958
523
654
744
92
142
286
723
538
849
387
716
890
12
469
366
913
929
323
909
365
279
835
640
201
455
555
418
633
976
317
661
447
792
343
306
729
437
308
494
871
94
386
504
520
551
831
315
356
920
373
992
703
895
435
550
991
761
235
165
889
385
644
914
638
281
125
985
831
245
977
785
681
978
739
158
949
456
991
940
730
155
301
762
787
177
667
934
821
643
298
449
13
706
839
869
664
180
754
241
804
687
78
491
463
759
670
276
65
868
266
470
531
59
98
64
558
630
35
26
255
437
112
590
529
404
287
7
334
272
798
112
545
348
725
332
785
148
702
610
286
630
321
279
223
913
996
173
476
308
271
728
682
829
175
905
181
562
557
825
266
186
278
781
467
40
217
496
808
241
539
392
546
589
227
706
346
14
19
115
504
826
628
482
962
272
75
891
138
44
647
203
295
260
751
621
190
141
830
631
975
316
62
433
334
700
168
464
280
102
160
24
500
536
533
106
177
48
964
548
107
912
262
267
964
802
38
545
812
108
281
125
648
838
597
451
251
266
591
661
941
180
276
888
368
7
734
681
942
340
473
311
557
452
570
310
456
936
890
687
163
175
235
436
757
137
798
143
282
411
225
517
387
759
857
614
569
886
777
347
706
487
595
844
290
820
386
645
233
920
95
922
477
590
299
254
46
610
247
36
176
383
989
28
618
845
279
482
106
164
951
48
97
456
54
802
810
811
616
408
185
734
218
660
741
926
756
105
878
745
63
840
244
34
547
704
914
270
198
411
366
361
